ArrayList line count: 81
char loaded
max rows: 81
max columns: 81
   @    a    b    c    d    e    f    g    h    i    j    k    l    m    n    o    p    q    r    s    t    u    v    w    x    y    z @    0  180  330   84  306  108   58  220  206  288  150  264  344  192   28  164  358   70  278  122   40  138   16  252  320  232   94 
a  180    0  508  262  484  286  236  398  386  468  330  444  524  370  208  342  538  250  458   58  196  318  172  430  156   68  272 
b  330  508    0  246  636  438  372  550  534  616  478  592  672  522  356  450  686  398  606  450  368  466  344  582  648  560  424 
c   84  262  246    0  390  192  126  304  288  370  232  346  426  276  110  204  440  152  360  204  122  220   98  336  402  314  178 
d  306  484  636  390    0  334  364   86  510  592  454  568  648  186  332  470  662  374  582  426  344  442  320  478  624  536  320 
e  108  286  438  192  334    0  166  248  312  394  256  370  450  220  134  272  464  176  384  228  146  244  122  156  426  338   14 
f   58  236  372  126  364  166    0  278  262  344  206  320  400  250   84  206  414  126  334  178   96  194   72  310  376  288  152 
g  220  398  550  304   86  248  278    0  424  506  368  482  562  100  246  384  576  288  496  340  258  356  234  392  538  450  234 
h  206  386  534  288  510  312  262  424    0   82   56   58  138  396  178  368  152  140   72  328  246  100  222  456  526  438  298 
i  288  468  616  370  592  394  344  506   82    0  138   24   72  478  260  450   86  222   10  410  328  182  304  538  608  520  380 
j  150  330  478  232  454  256  206  368   56  138    0  114  194  340  122  312  208   84  128  272  190   44  166  400  470  382  242 
k  264  444  592  346  568  370  320  482   58   24  114    0   80  454  236  426   94  198   14  386  304  158  280  514  584  496  356 
l  344  524  672  426  648  450  400  562  138   72  194   80    0  534  316  506   14  278   66  466  384  238  360  594  664  576  436 
m  192  370  522  276  186  220  250  100  396  478  340  454  534    0  218  356  548  260  468  312  230  328  206  364  510  422  206 
n   28  208  356  110  332  134   84  246  178  260  122  236  316  218    0  190  330   42  250  150   68  110   44  278  348  260  120 
o  164  342  450  204  470  272  206  384  368  450  312  426  506  356  190    0  520  232  440  284  202  300  178  416  482  394  258 
p  358  538  686  440  662  464  414  576  152   86  208   94   14  548  330  520    0  292   80  480  398  252  374  608  678  590  450 
q   70  250  398  152  374  176  126  288  140  222   84  198  278  260   42  232  292    0  212  192  110   72   86  320  390  302  162 
r  278  458  606  360  582  384  334  496   72   10  128   14   66  468  250  440   80  212    0  400  318  172  294  528  598  510  370 
s  122   58  450  204  426  228  178  340  328  410  272  386  466  312  150  284  480  192  400    0  138  260  114  372  198  110  214 
t   40  196  368  122  344  146   96  258  246  328  190  304  384  230   68  202  398  110  318  138    0  178   24  290  336  248  132 
u  138  318  466  220  442  244  194  356  100  182   44  158  238  328  110  300  252   72  172  260  178    0  154  388  458  370  230 
v   16  172  344   98  320  122   72  234  222  304  166  280  360  206   44  178  374   86  294  114   24  154    0  266  312  224  108 
w  252  430  582  336  478  156  310  392  456  538  400  514  594  364  278  416  608  320  528  372  290  388  266    0  570  482  158 
x  320  156  648  402  624  426  376  538  526  608  470  584  664  510  348  482  678  390  598  198  336  458  312  570    0  100  412 
y  232   68  560  314  536  338  288  450  438  520  382  496  576  422  260  394  590  302  510  110  248  370  224  482  100    0  324 
z   94  272  424  178  320   14  152  234  298  380  242  356  436  206  120  258  450  162  370  214  132  230  108  158  412  324    0 
